32 116 0 0 1 0
78 9 0 1 0 0
94 110 1 0 0 0
5 28 0 0 0 1
96 41 0 1 0 0
110 88 1 0 0 0
113 42 0 1 0 0
53 58 0 0 0 1
80 94 1 0 0 0
76 72 1 0 0 0
107 4 0 1 0 0
40 31 0 0 0 1
56 116 0 0 1 0
50 16 0 0 0 1
31 89 0 0 1 0
56 103 0 0 1 0
30 51 0 0 0 1
92 99 1 0 0 0
53 62 0 0 1 0
39 79 0 0 1 0
16 102 0 0 1 0
19 85 0 0 1 0
95 14 0 1 0 0
120 8 0 1 0 0
45 116 0 0 1 0
98 96 1 0 0 0
77 35 0 1 0 0
2 113 0 0 1 0
66 54 0 1 0 0
87 14 0 1 0 0
25 103 0 0 1 0
34 43 0 0 0 1
38 87 0 0 1 0
21 102 0 0 1 0
54 65 0 0 1 0
17 76 0 0 1 0
41 51 0 0 0 1
53 64 0 0 1 0
81 120 1 0 0 0
90 24 0 1 0 0
13 48 0 0 0 1
102 45 0 1 0 0
92 99 1 0 0 0
32 113 0 0 1 0
40 97 0 0 1 0
79 105 1 0 0 0
107 81 1 0 0 0
80 82 1 0 0 0
28 29 0 0 0 1
90 109 1 0 0 0
62 42 0 1 0 0
64 49 0 1 0 0
106 27 0 1 0 0
53 15 0 0 0 1
98 45 0 1 0 0
80 37 0 1 0 0
119 76 1 0 0 0
110 29 0 1 0 0
108 62 1 0 0 0
44 91 0 0 1 0
49 31 0 0 0 1
3 96 0 0 1 0
11 93 0 0 1 0
70 112 1 0 0 0
56 20 0 0 0 1
118 77 1 0 0 0
68 87 1 0 0 0
48 72 0 0 1 0
34 25 0 0 0 1
83 11 0 1 0 0
29 64 0 0 1 0
11 37 0 0 0 1
101 109 1 0 0 0
82 66 1 0 0 0
70 12 0 1 0 0
53 71 0 0 1 0
117 57 0 1 0 0
96 118 1 0 0 0
116 15 0 1 0 0
110 1 0 1 0 0
28 47 0 0 0 1
75 76 1 0 0 0
13 107 0 0 1 0
30 68 0 0 1 0
55 80 0 0 1 0
105 85 1 0 0 0
41 11 0 0 0 1
113 85 1 0 0 0
11 94 0 0 1 0
38 56 0 0 0 1
12 28 0 0 0 1
23 85 0 0 1 0
74 98 1 0 0 0
13 46 0 0 0 1
86 25 0 1 0 0
23 25 0 0 0 1
85 59 0 1 0 0
42 20 0 0 0 1
18 13 0 0 0 1
61 10 0 1 0 0
36 64 0 0 1 0
49 76 0 0 1 0
114 93 1 0 0 0
87 17 0 1 0 0
76 112 1 0 0 0
35 106 0 0 1 0
79 106 1 0 0 0
49 70 0 0 1 0
94 31 0 1 0 0
83 60 0 1 0 0
104 1 0 1 0 0
10 81 0 0 1 0
91 72 1 0 0 0
23 11 0 0 0 1
98 93 1 0 0 0
8 43 0 0 0 1
29 116 0 0 1 0
29 88 0 0 1 0
84 61 1 0 0 0
75 77 1 0 0 0
115 68 1 0 0 0
65 60 0 1 0 0
17 97 0 0 1 0
105 17 0 1 0 0
58 74 0 0 1 0
77 119 1 0 0 0
95 81 1 0 0 0
116 24 0 1 0 0
35 110 0 0 1 0
36 15 0 0 0 1
9 120 0 0 1 0
15 35 0 0 0 1
48 41 0 0 0 1
40 88 0 0 1 0
112 34 0 1 0 0
114 118 1 0 0 0
12 39 0 0 0 1
40 15 0 0 0 1
15 60 0 0 0 1
98 95 1 0 0 0
102 50 0 1 0 0
58 44 0 0 0 1
6 55 0 0 0 1
64 119 1 0 0 0
83 97 1 0 0 0
105 37 0 1 0 0
99 93 1 0 0 0
52 36 0 0 0 1
75 56 0 1 0 0
11 67 0 0 1 0
61 55 0 1 0 0
90 28 0 1 0 0
117 29 0 1 0 0
44 111 0 0 1 0
24 39 0 0 0 1
8 53 0 0 0 1
9 115 0 0 1 0
95 64 1 0 0 0
15 33 0 0 0 1
86 120 1 0 0 0
49 119 0 0 1 0
39 107 0 0 1 0
64 47 0 1 0 0
26 51 0 0 0 1
14 113 0 0 1 0
103 62 1 0 0 0
8 10 0 0 0 1
55 84 0 0 1 0
59 53 0 0 0 1
60 37 0 0 0 1
12 74 0 0 1 0
22 29 0 0 0 1
25 5 0 0 0 1
110 111 1 0 0 0
33 22 0 0 0 1
46 50 0 0 0 1
50 78 0 0 1 0
34 10 0 0 0 1
27 80 0 0 1 0
6 65 0 0 1 0
70 44 0 1 0 0
117 53 0 1 0 0
35 100 0 0 1 0
2 46 0 0 0 1
105 70 1 0 0 0
47 37 0 0 0 1
30 24 0 0 0 1
115 83 1 0 0 0
26 83 0 0 1 0
89 10 0 1 0 0
28 32 0 0 0 1
1 30 0 0 0 1
24 27 0 0 0 1
10 28 0 0 0 1
14 80 0 0 1 0
119 110 1 0 0 0
42 89 0 0 1 0
85 67 1 0 0 0
106 33 0 1 0 0
102 66 1 0 0 0
28 71 0 0 1 0
46 80 0 0 1 0
12 116 0 0 1 0
69 78 1 0 0 0
63 32 0 1 0 0
114 21 0 1 0 0
106 70 1 0 0 0
104 38 0 1 0 0
44 6 0 0 0 1
83 99 1 0 0 0
66 43 0 1 0 0
25 99 0 0 1 0
103 87 1 0 0 0
35 14 0 0 0 1
34 91 0 0 1 0
36 99 0 0 1 0
68 80 1 0 0 0
44 28 0 0 0 1
65 66 1 0 0 0
98 88 1 0 0 0
91 64 1 0 0 0
119 91 1 0 0 0
112 15 0 1 0 0
40 42 0 0 0 1
5 96 0 0 1 0
56 119 0 0 1 0
114 112 1 0 0 0
24 43 0 0 0 1
114 95 1 0 0 0
113 87 1 0 0 0
30 25 0 0 0 1
13 78 0 0 1 0
17 50 0 0 0 1
9 10 0 0 0 1
63 26 0 1 0 0
84 87 1 0 0 0
98 68 1 0 0 0
87 58 0 1 0 0
60 104 0 0 1 0
21 112 0 0 1 0
30 87 0 0 1 0
44 108 0 0 1 0
110 1 0 1 0 0
59 57 0 0 0 1
85 49 0 1 0 0
18 101 0 0 1 0
25 30 0 0 0 1
110 93 1 0 0 0
83 84 1 0 0 0
55 25 0 0 0 1
91 98 1 0 0 0
85 73 1 0 0 0
112 58 0 1 0 0
68 102 1 0 0 0
70 33 0 1 0 0
6 113 0 0 1 0
76 86 1 0 0 0
8 67 0 0 1 0
25 31 0 0 0 1
38 74 0 0 1 0
61 45 0 1 0 0
57 105 0 0 1 0
86 92 1 0 0 0
97 16 0 1 0 0
12 102 0 0 1 0
22 101 0 0 1 0
6 13 0 0 0 1
111 93 1 0 0 0
96 29 0 1 0 0
46 4 0 0 0 1
74 81 1 0 0 0
83 69 1 0 0 0
35 119 0 0 1 0
2 52 0 0 0 1
1 46 0 0 0 1
75 30 0 1 0 0
15 79 0 0 1 0
97 36 0 1 0 0
10 91 0 0 1 0
85 55 0 1 0 0
97 42 0 1 0 0
19 87 0 0 1 0
98 2 0 1 0 0
64 49 0 1 0 0
80 26 0 1 0 0
26 18 0 0 0 1
50 49 0 0 0 1
113 109 1 0 0 0
11 35 0 0 0 1
46 65 0 0 1 0
23 42 0 0 0 1
90 2 0 1 0 0
120 89 1 0 0 0
6 49 0 0 0 1
18 26 0 0 0 1
70 66 1 0 0 0
7 16 0 0 0 1
10 13 0 0 0 1
94 18 0 1 0 0
49 17 0 0 0 1
79 60 0 1 0 0
86 2 0 1 0 0
57 29 0 0 0 1
91 29 0 1 0 0
111 36 0 1 0 0
54 104 0 0 1 0
17 2 0 0 0 1
117 70 1 0 0 0
54 62 0 0 1 0
91 116 1 0 0 0
76 57 0 1 0 0
25 75 0 0 1 0
91 32 0 1 0 0
39 53 0 0 0 1
61 82 1 0 0 0
113 104 1 0 0 0
111 28 0 1 0 0
100 115 1 0 0 0
31 75 0 0 1 0
26 18 0 0 0 1
24 111 0 0 1 0
120 102 1 0 0 0
93 59 0 1 0 0
57 24 0 0 0 1
39 111 0 0 1 0
60 34 0 0 0 1
88 88 1 0 0 0
55 51 0 0 0 1
50 19 0 0 0 1
50 53 0 0 0 1
45 19 0 0 0 1
79 94 1 0 0 0
65 81 1 0 0 0
59 52 0 0 0 1
11 10 0 0 0 1
87 10 0 1 0 0
75 52 0 1 0 0
80 93 1 0 0 0
33 33 0 0 0 1
109 86 1 0 0 0
2 32 0 0 0 1
19 15 0 0 0 1
112 94 1 0 0 0
13 1 0 0 0 1
57 19 0 0 0 1
47 46 0 0 0 1
7 93 0 0 1 0
90 8 0 1 0 0
27 113 0 0 1 0
99 86 1 0 0 0
116 58 0 1 0 0
109 2 0 1 0 0
16 64 0 0 1 0
4 16 0 0 0 1
98 106 1 0 0 0
58 46 0 0 0 1
105 110 1 0 0 0
112 81 1 0 0 0
32 81 0 0 1 0
58 47 0 0 0 1
50 49 0 0 0 1
76 92 1 0 0 0
14 51 0 0 0 1
32 113 0 0 1 0
53 41 0 0 0 1
78 68 1 0 0 0
54 32 0 0 0 1
29 20 0 0 0 1
88 67 1 0 0 0
84 101 1 0 0 0
43 55 0 0 0 1
71 115 1 0 0 0
53 28 0 0 0 1
101 101 1 0 0 0
11 37 0 0 0 1
14 67 0 0 1 0
80 62 1 0 0 0
11 107 0 0 1 0
3 32 0 0 0 1
19 47 0 0 0 1
73 28 0 1 0 0
111 59 0 1 0 0
71 34 0 1 0 0
17 70 0 0 1 0
39 101 0 0 1 0
47 63 0 0 1 0
63 27 0 1 0 0
64 11 0 1 0 0
50 103 0 0 1 0
106 108 1 0 0 0
16 55 0 0 0 1
3 27 0 0 0 1
32 95 0 0 1 0
103 112 1 0 0 0
84 60 0 1 0 0
52 66 0 0 1 0
6 50 0 0 0 1
22 40 0 0 0 1
1 6 0 0 0 1
58 5 0 0 0 1
112 94 1 0 0 0
112 52 0 1 0 0
41 62 0 0 1 0
99 58 0 1 0 0
66 24 0 1 0 0
115 104 1 0 0 0
17 94 0 0 1 0
106 102 1 0 0 0
67 114 1 0 0 0
40 58 0 0 0 1
48 100 0 0 1 0
41 6 0 0 0 1
90 91 1 0 0 0
94 46 0 1 0 0
100 9 0 1 0 0
51 77 0 0 1 0
1 32 0 0 0 1
17 18 0 0 0 1
90 88 1 0 0 0
3 37 0 0 0 1
53 113 0 0 1 0
7 25 0 0 0 1
116 39 0 1 0 0
30 20 0 0 0 1
72 100 1 0 0 0
4 92 0 0 1 0
110 100 1 0 0 0
106 7 0 1 0 0
57 117 0 0 1 0
76 32 0 1 0 0
112 90 1 0 0 0
90 48 0 1 0 0
91 107 1 0 0 0
105 30 0 1 0 0
118 74 1 0 0 0
64 55 0 1 0 0
27 53 0 0 0 1
118 45 0 1 0 0
12 18 0 0 0 1
76 32 0 1 0 0
80 3 0 1 0 0
84 35 0 1 0 0
21 14 0 0 0 1
67 116 1 0 0 0
58 19 0 0 0 1
105 7 0 1 0 0
43 97 0 0 1 0
108 2 0 1 0 0
34 105 0 0 1 0
30 102 0 0 1 0
74 104 1 0 0 0
28 4 0 0 0 1
96 21 0 1 0 0
44 71 0 0 1 0
45 39 0 0 0 1
62 105 1 0 0 0
108 60 0 1 0 0
110 98 1 0 0 0
55 106 0 0 1 0
77 70 1 0 0 0
69 39 0 1 0 0
10 53 0 0 0 1
20 13 0 0 0 1
27 97 0 0 1 0
32 105 0 0 1 0
33 89 0 0 1 0
74 83 1 0 0 0
27 10 0 0 0 1
66 2 0 1 0 0
81 19 0 1 0 0
46 2 0 0 0 1
25 15 0 0 0 1
21 105 0 0 1 0
120 104 1 0 0 0
82 51 0 1 0 0
33 101 0 0 1 0
32 49 0 0 0 1
28 58 0 0 0 1
13 57 0 0 0 1
82 4 0 1 0 0
3 10 0 0 0 1
56 47 0 0 0 1
45 81 0 0 1 0
114 60 0 1 0 0
44 58 0 0 0 1
104 16 0 1 0 0
19 67 0 0 1 0
52 116 0 0 1 0
74 76 1 0 0 0
99 88 1 0 0 0
80 104 1 0 0 0
19 120 0 0 1 0
11 20 0 0 0 1
109 3 0 1 0 0
110 26 0 1 0 0
77 30 0 1 0 0
44 71 0 0 1 0
16 20 0 0 0 1
10 94 0 0 1 0
26 20 0 0 0 1
2 51 0 0 0 1
96 107 1 0 0 0
79 24 0 1 0 0
34 65 0 0 1 0
91 73 1 0 0 0
73 67 1 0 0 0
88 68 1 0 0 0
99 35 0 1 0 0
82 70 1 0 0 0
112 97 1 0 0 0
44 36 0 0 0 1
7 101 0 0 1 0
95 18 0 1 0 0
16 29 0 0 0 1
41 118 0 0 1 0
27 118 0 0 1 0
46 6 0 0 0 1
26 73 0 0 1 0
31 69 0 0 1 0
27 116 0 0 1 0
51 82 0 0 1 0
83 63 1 0 0 0
31 82 0 0 1 0
93 81 1 0 0 0
72 44 0 1 0 0
18 120 0 0 1 0
3 13 0 0 0 1
21 104 0 0 1 0
91 20 0 1 0 0
54 69 0 0 1 0
83 32 0 1 0 0
65 60 0 1 0 0
80 20 0 1 0 0
103 79 1 0 0 0
95 88 1 0 0 0
68 40 0 1 0 0
68 55 0 1 0 0
47 103 0 0 1 0
63 21 0 1 0 0
33 43 0 0 0 1
19 60 0 0 0 1
30 90 0 0 1 0
87 58 0 1 0 0
111 14 0 1 0 0
60 45 0 0 0 1
52 65 0 0 1 0
103 63 1 0 0 0
90 15 0 1 0 0
56 33 0 0 0 1
62 31 0 1 0 0
106 94 1 0 0 0
50 46 0 0 0 1
34 45 0 0 0 1
38 91 0 0 1 0
7 12 0 0 0 1
9 49 0 0 0 1
45 32 0 0 0 1
29 71 0 0 1 0
3 25 0 0 0 1
112 100 1 0 0 0
75 100 1 0 0 0
88 105 1 0 0 0
56 49 0 0 0 1
114 38 0 1 0 0
77 80 1 0 0 0
97 58 0 1 0 0
90 98 1 0 0 0
11 83 0 0 1 0
70 90 1 0 0 0
93 71 1 0 0 0
47 68 0 0 1 0
2 69 0 0 1 0
120 24 0 1 0 0
42 63 0 0 1 0
66 80 1 0 0 0
99 88 1 0 0 0
5 25 0 0 0 1
1 106 0 0 1 0
23 89 0 0 1 0
113 88 1 0 0 0
62 19 0 1 0 0
120 111 1 0 0 0
89 65 1 0 0 0
99 28 0 1 0 0
67 112 1 0 0 0
62 33 0 1 0 0
88 24 0 1 0 0
118 119 1 0 0 0
80 29 0 1 0 0
97 31 0 1 0 0
95 80 1 0 0 0
109 87 1 0 0 0
51 87 0 0 1 0
8 95 0 0 1 0
82 109 1 0 0 0
83 79 1 0 0 0
31 76 0 0 1 0
12 13 0 0 0 1
115 10 0 1 0 0
35 50 0 0 0 1
118 76 1 0 0 0
115 22 0 1 0 0
51 106 0 0 1 0
29 102 0 0 1 0
95 93 1 0 0 0
104 82 1 0 0 0
81 44 0 1 0 0
13 27 0 0 0 1
25 100 0 0 1 0
58 28 0 0 0 1
20 114 0 0 1 0
62 64 1 0 0 0
102 65 1 0 0 0
54 103 0 0 1 0
104 54 0 1 0 0
72 11 0 1 0 0
31 96 0 0 1 0
45 42 0 0 0 1
61 78 1 0 0 0
106 38 0 1 0 0
93 117 1 0 0 0
94 102 1 0 0 0
16 59 0 0 0 1
31 62 0 0 1 0
66 24 0 1 0 0
36 26 0 0 0 1
88 34 0 1 0 0
109 34 0 1 0 0
15 76 0 0 1 0
7 9 0 0 0 1
26 106 0 0 1 0
112 97 1 0 0 0
14 30 0 0 0 1
117 87 1 0 0 0
16 7 0 0 0 1
44 16 0 0 0 1
41 16 0 0 0 1
103 42 0 1 0 0
26 93 0 0 1 0
99 24 0 1 0 0
82 111 1 0 0 0
95 82 1 0 0 0
30 32 0 0 0 1
34 72 0 0 1 0
59 52 0 0 0 1
5 19 0 0 0 1
54 71 0 0 1 0
120 59 0 1 0 0
117 47 0 1 0 0
61 41 0 1 0 0
79 44 0 1 0 0
3 30 0 0 0 1
37 110 0 0 1 0
109 17 0 1 0 0
27 24 0 0 0 1
44 57 0 0 0 1
63 43 0 1 0 0
19 95 0 0 1 0
58 116 0 0 1 0
41 100 0 0 1 0
64 23 0 1 0 0
53 23 0 0 0 1
49 23 0 0 0 1
78 112 1 0 0 0
42 28 0 0 0 1
64 87 1 0 0 0
10 1 0 0 0 1
32 3 0 0 0 1
11 119 0 0 1 0
105 64 1 0 0 0
35 69 0 0 1 0
9 59 0 0 0 1
81 18 0 1 0 0
53 44 0 0 0 1
101 35 0 1 0 0
118 120 1 0 0 0
59 16 0 0 0 1
74 17 0 1 0 0
88 48 0 1 0 0
81 46 0 1 0 0
79 44 0 1 0 0
67 22 0 1 0 0
83 56 0 1 0 0
113 46 0 1 0 0
49 77 0 0 1 0
38 3 0 0 0 1
118 45 0 1 0 0
112 80 1 0 0 0
92 12 0 1 0 0
112 108 1 0 0 0
102 115 1 0 0 0
59 48 0 0 0 1
118 70 1 0 0 0
87 19 0 1 0 0
77 36 0 1 0 0
55 47 0 0 0 1
77 13 0 1 0 0
30 16 0 0 0 1
58 92 0 0 1 0
78 24 0 1 0 0
44 41 0 0 0 1
78 79 1 0 0 0
21 62 0 0 1 0
14 2 0 0 0 1
107 39 0 1 0 0
8 8 0 0 0 1
8 120 0 0 1 0
46 91 0 0 1 0
83 39 0 1 0 0
32 61 0 0 1 0
110 63 1 0 0 0
113 82 1 0 0 0
35 54 0 0 0 1
76 65 1 0 0 0
65 102 1 0 0 0
8 51 0 0 0 1
101 103 1 0 0 0
38 86 0 0 1 0
67 77 1 0 0 0
24 40 0 0 0 1
18 78 0 0 1 0
52 35 0 0 0 1
116 10 0 1 0 0
23 109 0 0 1 0
53 65 0 0 1 0
25 26 0 0 0 1
54 67 0 0 1 0
110 80 1 0 0 0
96 17 0 1 0 0
62 55 0 1 0 0
60 103 0 0 1 0
113 89 1 0 0 0
68 119 1 0 0 0
60 48 0 0 0 1
116 51 0 1 0 0
48 112 0 0 1 0
10 43 0 0 0 1
65 90 1 0 0 0
87 105 1 0 0 0
90 10 0 1 0 0
26 24 0 0 0 1
43 92 0 0 1 0
88 17 0 1 0 0
35 44 0 0 0 1
96 25 0 1 0 0
44 118 0 0 1 0
53 28 0 0 0 1
14 75 0 0 1 0
44 33 0 0 0 1
45 84 0 0 1 0
14 37 0 0 0 1
46 118 0 0 1 0
18 111 0 0 1 0
68 74 1 0 0 0
58 38 0 0 0 1
72 37 0 1 0 0
76 47 0 1 0 0
86 34 0 1 0 0
10 53 0 0 0 1
1 98 0 0 1 0
90 25 0 1 0 0
54 59 0 0 0 1
120 50 0 1 0 0
91 60 0 1 0 0
88 10 0 1 0 0
119 100 1 0 0 0
37 21 0 0 0 1
89 84 1 0 0 0
87 50 0 1 0 0
80 112 1 0 0 0
34 34 0 0 0 1
51 34 0 0 0 1
48 5 0 0 0 1
33 56 0 0 0 1
50 26 0 0 0 1
118 22 0 1 0 0
97 14 0 1 0 0
85 56 0 1 0 0
25 109 0 0 1 0
80 100 1 0 0 0
16 29 0 0 0 1
25 29 0 0 0 1
79 36 0 1 0 0
105 114 1 0 0 0
87 28 0 1 0 0
109 80 1 0 0 0
43 10 0 0 0 1
38 92 0 0 1 0
18 105 0 0 1 0
105 29 0 1 0 0
73 67 1 0 0 0
55 91 0 0 1 0
39 13 0 0 0 1
23 87 0 0 1 0
101 69 1 0 0 0
118 118 1 0 0 0
56 68 0 0 1 0
38 90 0 0 1 0
51 102 0 0 1 0
104 90 1 0 0 0
116 15 0 1 0 0
7 55 0 0 0 1
43 13 0 0 0 1
65 9 0 1 0 0
67 100 1 0 0 0
38 68 0 0 1 0
62 65 1 0 0 0
51 52 0 0 0 1
74 111 1 0 0 0
16 45 0 0 0 1
119 76 1 0 0 0
107 36 0 1 0 0
80 14 0 1 0 0
114 59 0 1 0 0
27 82 0 0 1 0
98 43 0 1 0 0
26 97 0 0 1 0
102 64 1 0 0 0
112 56 0 1 0 0
30 37 0 0 0 1
62 13 0 1 0 0
81 11 0 1 0 0
12 77 0 0 1 0
83 57 0 1 0 0
5 45 0 0 0 1
68 118 1 0 0 0
120 16 0 1 0 0
2 53 0 0 0 1
30 87 0 0 1 0
1 85 0 0 1 0
53 33 0 0 0 1
63 115 1 0 0 0
94 77 1 0 0 0
108 53 0 1 0 0
20 44 0 0 0 1
72 32 0 1 0 0
46 102 0 0 1 0
25 18 0 0 0 1
53 45 0 0 0 1
43 41 0 0 0 1
87 41 0 1 0 0
38 58 0 0 0 1
40 113 0 0 1 0
116 19 0 1 0 0
19 90 0 0 1 0
27 63 0 0 1 0
40 28 0 0 0 1
101 39 0 1 0 0
66 30 0 1 0 0
119 10 0 1 0 0
91 52 0 1 0 0
17 80 0 0 1 0
42 82 0 0 1 0
52 7 0 0 0 1
44 48 0 0 0 1
40 37 0 0 0 1
32 115 0 0 1 0
109 118 1 0 0 0
54 71 0 0 1 0
6 66 0 0 1 0
81 41 0 1 0 0
73 20 0 1 0 0
66 102 1 0 0 0
30 72 0 0 1 0
110 48 0 1 0 0
61 60 0 1 0 0
71 97 1 0 0 0
59 74 0 0 1 0
4 6 0 0 0 1
41 69 0 0 1 0
113 11 0 1 0 0
47 63 0 0 1 0
107 38 0 1 0 0
56 100 0 0 1 0
8 106 0 0 1 0
15 108 0 0 1 0
101 41 0 1 0 0
24 107 0 0 1 0
98 76 1 0 0 0
35 68 0 0 1 0
99 72 1 0 0 0
118 18 0 1 0 0
97 19 0 1 0 0
89 66 1 0 0 0
109 56 0 1 0 0
61 111 1 0 0 0
101 6 0 1 0 0
49 53 0 0 0 1
71 12 0 1 0 0
77 73 1 0 0 0
2 66 0 0 1 0
24 47 0 0 0 1
106 44 0 1 0 0
21 84 0 0 1 0
17 66 0 0 1 0
118 45 0 1 0 0
107 111 1 0 0 0
68 27 0 1 0 0
40 24 0 0 0 1
88 67 1 0 0 0
101 64 1 0 0 0
115 26 0 1 0 0
91 62 1 0 0 0
66 10 0 1 0 0
50 39 0 0 0 1
7 82 0 0 1 0
91 40 0 1 0 0
6 86 0 0 1 0
93 111 1 0 0 0
102 72 1 0 0 0
111 14 0 1 0 0
5 67 0 0 1 0
94 77 1 0 0 0
119 84 1 0 0 0
98 60 0 1 0 0
72 49 0 1 0 0
42 67 0 0 1 0
37 51 0 0 0 1
11 50 0 0 0 1
103 109 1 0 0 0
24 60 0 0 0 1
61 101 1 0 0 0
66 49 0 1 0 0
88 24 0 1 0 0
52 3 0 0 0 1
81 52 0 1 0 0
24 33 0 0 0 1
12 39 0 0 0 1
69 114 1 0 0 0
21 120 0 0 1 0
102 64 1 0 0 0
47 77 0 0 1 0
91 43 0 1 0 0
12 116 0 0 1 0
58 60 0 0 0 1
87 39 0 1 0 0
56 53 0 0 0 1
8 60 0 0 0 1
106 54 0 1 0 0
5 66 0 0 1 0
106 62 1 0 0 0
51 37 0 0 0 1
34 21 0 0 0 1
58 69 0 0 1 0
12 55 0 0 0 1
37 58 0 0 0 1
2 118 0 0 1 0
117 101 1 0 0 0
108 19 0 1 0 0
93 120 1 0 0 0
13 68 0 0 1 0
77 88 1 0 0 0
68 27 0 1 0 0
92 96 1 0 0 0
76 33 0 1 0 0
80 41 0 1 0 0
27 10 0 0 0 1
50 99 0 0 1 0
8 105 0 0 1 0
114 45 0 1 0 0
112 92 1 0 0 0
83 81 1 0 0 0
115 27 0 1 0 0
23 95 0 0 1 0
55 29 0 0 0 1
92 96 1 0 0 0
119 117 1 0 0 0
18 76 0 0 1 0
104 27 0 1 0 0
44 69 0 0 1 0
106 113 1 0 0 0
90 116 1 0 0 0
80 82 1 0 0 0
119 14 0 1 0 0
87 78 1 0 0 0
118 54 0 1 0 0
53 49 0 0 0 1
36 25 0 0 0 1
87 64 1 0 0 0
103 28 0 1 0 0
106 30 0 1 0 0
79 79 1 0 0 0
22 62 0 0 1 0
96 56 0 1 0 0
109 56 0 1 0 0
44 98 0 0 1 0
16 74 0 0 1 0
61 11 0 1 0 0
39 35 0 0 0 1
42 107 0 0 1 0
1 40 0 0 0 1
91 40 0 1 0 0
96 56 0 1 0 0
109 48 0 1 0 0
80 71 1 0 0 0
66 14 0 1 0 0
68 9 0 1 0 0
89 111 1 0 0 0
66 110 1 0 0 0
118 52 0 1 0 0
115 13 0 1 0 0
78 55 0 1 0 0
40 22 0 0 0 1
87 21 0 1 0 0
23 99 0 0 1 0
19 85 0 0 1 0
31 4 0 0 0 1
88 13 0 1 0 0
42 73 0 0 1 0
63 31 0 1 0 0
74 54 0 1 0 0
58 58 0 0 0 1
6 111 0 0 1 0
37 82 0 0 1 0
57 4 0 0 0 1
83 16 0 1 0 0
46 78 0 0 1 0
26 78 0 0 1 0
41 15 0 0 0 1
95 3 0 1 0 0
22 41 0 0 0 1
95 74 1 0 0 0
39 28 0 0 0 1
11 50 0 0 0 1
70 115 1 0 0 0
4 83 0 0 1 0
28 56 0 0 0 1
93 45 0 1 0 0
93 39 0 1 0 0
74 41 0 1 0 0
17 15 0 0 0 1
17 78 0 0 1 0
118 16 0 1 0 0
35 102 0 0 1 0
59 81 0 0 1 0
87 29 0 1 0 0
61 9 0 1 0 0
43 97 0 0 1 0
5 78 0 0 1 0
20 26 0 0 0 1
2 50 0 0 0 1
6 67 0 0 1 0
84 62 1 0 0 0
78 20 0 1 0 0
80 13 0 1 0 0
44 45 0 0 0 1
11 42 0 0 0 1
38 29 0 0 0 1
35 2 0 0 0 1
4 75 0 0 1 0
13 25 0 0 0 1
16 87 0 0 1 0
9 101 0 0 1 0
100 61 1 0 0 0
19 42 0 0 0 1
1 44 0 0 0 1
22 22 0 0 0 1
81 119 1 0 0 0
37 83 0 0 1 0
44 29 0 0 0 1
38 79 0 0 1 0
48 54 0 0 0 1
88 111 1 0 0 0
92 88 1 0 0 0
20 15 0 0 0 1
117 59 0 1 0 0
12 76 0 0 1 0
69 66 1 0 0 0
30 94 0 0 1 0
56 52 0 0 0 1
42 50 0 0 0 1
114 33 0 1 0 0
27 33 0 0 0 1
119 28 0 1 0 0
89 82 1 0 0 0
60 77 0 0 1 0
40 48 0 0 0 1
36 46 0 0 0 1
17 109 0 0 1 0
101 7 0 1 0 0
88 94 1 0 0 0
3 57 0 0 0 1
5 52 0 0 0 1
111 89 1 0 0 0
14 63 0 0 1 0
50 96 0 0 1 0
44 11 0 0 0 1
22 98 0 0 1 0
54 2 0 0 0 1
56 45 0 0 0 1
40 13 0 0 0 1
52 44 0 0 0 1
25 13 0 0 0 1
18 34 0 0 0 1
70 11 0 1 0 0
31 10 0 0 0 1
49 74 0 0 1 0
1 28 0 0 0 1
44 30 0 0 0 1
110 114 1 0 0 0
94 43 0 1 0 0
56 111 0 0 1 0
31 1 0 0 0 1
101 38 0 1 0 0
119 74 1 0 0 0
49 72 0 0 1 0
117 22 0 1 0 0
113 5 0 1 0 0
97 2 0 1 0 0
110 33 0 1 0 0
50 65 0 0 1 0
77 114 1 0 0 0
25 96 0 0 1 0
34 67 0 0 1 0
58 18 0 0 0 1
24 38 0 0 0 1
11 89 0 0 1 0
37 118 0 0 1 0
57 48 0 0 0 1
90 37 0 1 0 0
58 50 0 0 0 1
19 92 0 0 1 0
80 46 0 1 0 0
84 29 0 1 0 0
84 60 0 1 0 0
41 18 0 0 0 1
55 102 0 0 1 0
93 44 0 1 0 0
42 52 0 0 0 1
8 32 0 0 0 1
65 117 1 0 0 0
111 118 1 0 0 0
63 39 0 1 0 0
68 37 0 1 0 0
97 101 1 0 0 0
71 91 1 0 0 0
111 84 1 0 0 0
47 95 0 0 1 0
59 84 0 0 1 0
107 53 0 1 0 0
86 69 1 0 0 0
110 82 1 0 0 0
105 91 1 0 0 0
68 117 1 0 0 0
42 64 0 0 1 0
70 74 1 0 0 0
92 85 1 0 0 0
82 15 0 1 0 0
42 12 0 0 0 1
63 69 1 0 0 0
101 97 1 0 0 0
94 93 1 0 0 0
41 5 0 0 0 1
72 90 1 0 0 0
103 82 1 0 0 0
23 64 0 0 1 0
56 102 0 0 1 0
20 51 0 0 0 1
88 105 1 0 0 0
22 15 0 0 0 1
98 117 1 0 0 0
79 74 1 0 0 0
12 85 0 0 1 0
25 85 0 0 1 0
67 98 1 0 0 0
85 105 1 0 0 0
69 44 0 1 0 0
8 82 0 0 1 0
77 60 0 1 0 0
78 89 1 0 0 0
113 57 0 1 0 0
38 46 0 0 0 1
63 23 0 1 0 0
24 54 0 0 0 1
29 3 0 0 0 1
45 59 0 0 0 1
71 115 1 0 0 0
8 11 0 0 0 1
20 11 0 0 0 1
22 85 0 0 1 0
48 101 0 0 1 0
33 103 0 0 1 0
33 86 0 0 1 0
18 87 0 0 1 0
9 10 0 0 0 1
27 46 0 0 0 1
108 33 0 1 0 0
11 118 0 0 1 0
56 95 0 0 1 0
23 57 0 0 0 1
84 87 1 0 0 0
34 36 0 0 0 1
72 25 0 1 0 0
19 114 0 0 1 0
78 60 0 1 0 0
64 28 0 1 0 0
37 62 0 0 1 0
44 103 0 0 1 0
28 81 0 0 1 0
14 13 0 0 0 1
109 2 0 1 0 0
113 28 0 1 0 0
32 38 0 0 0 1
38 74 0 0 1 0
84 32 0 1 0 0
93 77 1 0 0 0
19 45 0 0 0 1
108 98 1 0 0 0
21 89 0 0 1 0
110 95 1 0 0 0
93 16 0 1 0 0
34 39 0 0 0 1
40 41 0 0 0 1
67 115 1 0 0 0
43 22 0 0 0 1
23 94 0 0 1 0
20 112 0 0 1 0
14 108 0 0 1 0
77 78 1 0 0 0
37 54 0 0 0 1
77 70 1 0 0 0
24 72 0 0 1 0
81 33 0 1 0 0
32 105 0 0 1 0
37 5 0 0 0 1
68 14 0 1 0 0
47 107 0 0 1 0
29 18 0 0 0 1
70 107 1 0 0 0
77 74 1 0 0 0
114 10 0 1 0 0
90 61 1 0 0 0
110 120 1 0 0 0
11 48 0 0 0 1
76 75 1 0 0 0
103 115 1 0 0 0
64 84 1 0 0 0
34 79 0 0 1 0
67 2 0 1 0 0
105 42 0 1 0 0
36 108 0 0 1 0
107 71 1 0 0 0
14 105 0 0 1 0
17 6 0 0 0 1
56 97 0 0 1 0
36 90 0 0 1 0
48 95 0 0 1 0
100 100 1 0 0 0
84 110 1 0 0 0
83 58 0 1 0 0
10 45 0 0 0 1
88 25 0 1 0 0
93 75 1 0 0 0
103 22 0 1 0 0
65 3 0 1 0 0
96 31 0 1 0 0
89 26 0 1 0 0
70 64 1 0 0 0
44 24 0 0 0 1
45 75 0 0 1 0
74 76 1 0 0 0
112 22 0 1 0 0
37 69 0 0 1 0
60 104 0 0 1 0
88 66 1 0 0 0
49 93 0 0 1 0
72 42 0 1 0 0
37 36 0 0 0 1
93 12 0 1 0 0
90 59 0 1 0 0
22 71 0 0 1 0
44 6 0 0 0 1
111 111 1 0 0 0
73 38 0 1 0 0
15 71 0 0 1 0
13 112 0 0 1 0
94 15 0 1 0 0
6 82 0 0 1 0
96 31 0 1 0 0
40 86 0 0 1 0
73 111 1 0 0 0
96 106 1 0 0 0
19 11 0 0 0 1
82 20 0 1 0 0
108 2 0 1 0 0
45 15 0 0 0 1
108 117 1 0 0 0
52 36 0 0 0 1
1 62 0 0 1 0
59 49 0 0 0 1
50 4 0 0 0 1
57 44 0 0 0 1
6 94 0 0 1 0
88 10 0 1 0 0
84 19 0 1 0 0
42 89 0 0 1 0
91 29 0 1 0 0
119 39 0 1 0 0
8 23 0 0 0 1
37 3 0 0 0 1
20 56 0 0 0 1
4 62 0 0 1 0
90 116 1 0 0 0
18 39 0 0 0 1
115 95 1 0 0 0
107 114 1 0 0 0
28 107 0 0 1 0
106 107 1 0 0 0
68 40 0 1 0 0
19 11 0 0 0 1
110 34 0 1 0 0
118 48 0 1 0 0
69 14 0 1 0 0
83 6 0 1 0 0
10 109 0 0 1 0
42 71 0 0 1 0
52 103 0 0 1 0
91 50 0 1 0 0
81 89 1 0 0 0
19 51 0 0 0 1
39 46 0 0 0 1
86 7 0 1 0 0
20 78 0 0 1 0
20 20 0 0 0 1
42 21 0 0 0 1
68 74 1 0 0 0
63 106 1 0 0 0
63 18 0 1 0 0
54 20 0 0 0 1
9 71 0 0 1 0
27 39 0 0 0 1
59 51 0 0 0 1
92 96 1 0 0 0
37 59 0 0 0 1
44 12 0 0 0 1
97 49 0 1 0 0
4 63 0 0 1 0
4 98 0 0 1 0
99 112 1 0 0 0
47 8 0 0 0 1
6 4 0 0 0 1
7 117 0 0 1 0
43 35 0 0 0 1
16 79 0 0 1 0
45 90 0 0 1 0
113 86 1 0 0 0
74 57 0 1 0 0
92 80 1 0 0 0
90 71 1 0 0 0
48 42 0 0 0 1
108 50 0 1 0 0
80 101 1 0 0 0
119 95 1 0 0 0
49 67 0 0 1 0
111 92 1 0 0 0
87 120 1 0 0 0
59 53 0 0 0 1
46 27 0 0 0 1
61 108 1 0 0 0
61 18 0 1 0 0
30 47 0 0 0 1
70 94 1 0 0 0
32 76 0 0 1 0
11 13 0 0 0 1
44 69 0 0 1 0
82 5 0 1 0 0
53 40 0 0 0 1
10 54 0 0 0 1
27 118 0 0 1 0
71 98 1 0 0 0
87 62 1 0 0 0
22 30 0 0 0 1
55 29 0 0 0 1
72 52 0 1 0 0
74 7 0 1 0 0
36 82 0 0 1 0
71 93 1 0 0 0
38 113 0 0 1 0
119 97 1 0 0 0
61 86 1 0 0 0
42 11 0 0 0 1
34 81 0 0 1 0
57 53 0 0 0 1
61 61 1 0 0 0
85 69 1 0 0 0
57 85 0 0 1 0
88 35 0 1 0 0
99 113 1 0 0 0
61 87 1 0 0 0
92 5 0 1 0 0
46 36 0 0 0 1
98 34 0 1 0 0
37 52 0 0 0 1
54 75 0 0 1 0
108 114 1 0 0 0
109 113 1 0 0 0
66 32 0 1 0 0
71 4 0 1 0 0
95 62 1 0 0 0
113 80 1 0 0 0
4 90 0 0 1 0
74 74 1 0 0 0
81 104 1 0 0 0
109 47 0 1 0 0
106 89 1 0 0 0
100 109 1 0 0 0
103 117 1 0 0 0
54 34 0 0 0 1
112 115 1 0 0 0
11 19 0 0 0 1
96 17 0 1 0 0
113 108 1 0 0 0
26 57 0 0 0 1
32 52 0 0 0 1
103 61 1 0 0 0
44 82 0 0 1 0
6 84 0 0 1 0
95 40 0 1 0 0
8 75 0 0 1 0
34 98 0 0 1 0
89 33 0 1 0 0
25 26 0 0 0 1
9 33 0 0 0 1
94 12 0 1 0 0
87 36 0 1 0 0
97 91 1 0 0 0
71 25 0 1 0 0
99 11 0 1 0 0
38 27 0 0 0 1
100 60 0 1 0 0
102 48 0 1 0 0
27 104 0 0 1 0
15 88 0 0 1 0
105 28 0 1 0 0
48 3 0 0 0 1
97 115 1 0 0 0
118 101 1 0 0 0
85 24 0 1 0 0
75 108 1 0 0 0
50 44 0 0 0 1
61 114 1 0 0 0
41 41 0 0 0 1
55 89 0 0 1 0
107 38 0 1 0 0
64 110 1 0 0 0
57 90 0 0 1 0
67 18 0 1 0 0
45 26 0 0 0 1
80 85 1 0 0 0
3 4 0 0 0 1
20 109 0 0 1 0
48 30 0 0 0 1
119 117 1 0 0 0
48 116 0 0 1 0
33 39 0 0 0 1
119 74 1 0 0 0
81 43 0 1 0 0
76 119 1 0 0 0
111 83 1 0 0 0
87 44 0 1 0 0
63 99 1 0 0 0
113 8 0 1 0 0
78 47 0 1 0 0
49 72 0 0 1 0
101 19 0 1 0 0
19 60 0 0 0 1
111 68 1 0 0 0
112 24 0 1 0 0
113 119 1 0 0 0
40 37 0 0 0 1
22 109 0 0 1 0
81 36 0 1 0 0
8 1 0 0 0 1
8 102 0 0 1 0
37 43 0 0 0 1
60 3 0 0 0 1
19 33 0 0 0 1
73 113 1 0 0 0
81 33 0 1 0 0
80 71 1 0 0 0
77 111 1 0 0 0
8 91 0 0 1 0
40 104 0 0 1 0
64 77 1 0 0 0
114 34 0 1 0 0
26 15 0 0 0 1
67 93 1 0 0 0
17 73 0 0 1 0
78 4 0 1 0 0
2 117 0 0 1 0
39 96 0 0 1 0
28 65 0 0 1 0
17 67 0 0 1 0
63 77 1 0 0 0
16 13 0 0 0 1
45 108 0 0 1 0
4 56 0 0 0 1
109 77 1 0 0 0
42 70 0 0 1 0
12 68 0 0 1 0
100 52 0 1 0 0
104 61 1 0 0 0
115 41 0 1 0 0
85 50 0 1 0 0
119 52 0 1 0 0
111 116 1 0 0 0
94 58 0 1 0 0
5 93 0 0 1 0
52 119 0 0 1 0
112 85 1 0 0 0
30 74 0 0 1 0
82 110 1 0 0 0
42 30 0 0 0 1
81 10 0 1 0 0
44 92 0 0 1 0
54 98 0 0 1 0
75 117 1 0 0 0
59 115 0 0 1 0
101 89 1 0 0 0
35 96 0 0 1 0
103 46 0 1 0 0
13 51 0 0 0 1
3 6 0 0 0 1
24 113 0 0 1 0
85 90 1 0 0 0
13 77 0 0 1 0
83 23 0 1 0 0
38 63 0 0 1 0
64 71 1 0 0 0
14 59 0 0 0 1
60 116 0 0 1 0
23 56 0 0 0 1
90 78 1 0 0 0
34 118 0 0 1 0
84 69 1 0 0 0
22 8 0 0 0 1
4 58 0 0 0 1
53 96 0 0 1 0
33 114 0 0 1 0
100 113 1 0 0 0
66 36 0 1 0 0
12 76 0 0 1 0
85 85 1 0 0 0
91 110 1 0 0 0
23 63 0 0 1 0
17 4 0 0 0 1
22 36 0 0 0 1
70 26 0 1 0 0
87 42 0 1 0 0
105 65 1 0 0 0
44 93 0 0 1 0
117 17 0 1 0 0
115 57 0 1 0 0
17 22 0 0 0 1
1 64 0 0 1 0
33 25 0 0 0 1
82 62 1 0 0 0
10 28 0 0 0 1
70 109 1 0 0 0
107 23 0 1 0 0
101 64 1 0 0 0
38 10 0 0 0 1
113 34 0 1 0 0
61 12 0 1 0 0
10 16 0 0 0 1
39 86 0 0 1 0
111 34 0 1 0 0
31 25 0 0 0 1
59 3 0 0 0 1
87 1 0 1 0 0
8 89 0 0 1 0
27 117 0 0 1 0
80 116 1 0 0 0
3 62 0 0 1 0
53 61 0 0 1 0
39 42 0 0 0 1
34 33 0 0 0 1
107 117 1 0 0 0
91 76 1 0 0 0
8 42 0 0 0 1
49 38 0 0 0 1
73 111 1 0 0 0
71 40 0 1 0 0
77 92 1 0 0 0
30 3 0 0 0 1
2 51 0 0 0 1
69 71 1 0 0 0
8 29 0 0 0 1
118 14 0 1 0 0
37 76 0 0 1 0
72 14 0 1 0 0
46 95 0 0 1 0
9 117 0 0 1 0
111 99 1 0 0 0
60 83 0 0 1 0
57 28 0 0 0 1
42 67 0 0 1 0
61 91 1 0 0 0
99 42 0 1 0 0
66 71 1 0 0 0
89 119 1 0 0 0
37 5 0 0 0 1
34 5 0 0 0 1
60 14 0 0 0 1
48 62 0 0 1 0
58 106 0 0 1 0
38 4 0 0 0 1
119 53 0 1 0 0
83 114 1 0 0 0
16 75 0 0 1 0
52 18 0 0 0 1
37 16 0 0 0 1
61 61 1 0 0 0
85 71 1 0 0 0
46 65 0 0 1 0
111 49 0 1 0 0
62 57 0 1 0 0
49 42 0 0 0 1
116 109 1 0 0 0
113 94 1 0 0 0
117 15 0 1 0 0
15 11 0 0 0 1
88 7 0 1 0 0
113 58 0 1 0 0
114 110 1 0 0 0
18 109 0 0 1 0
45 23 0 0 0 1
40 94 0 0 1 0
100 38 0 1 0 0
66 37 0 1 0 0
97 68 1 0 0 0
103 17 0 1 0 0
21 10 0 0 0 1
47 16 0 0 0 1
10 96 0 0 1 0
59 11 0 0 0 1
77 58 0 1 0 0
99 4 0 1 0 0
79 10 0 1 0 0
120 21 0 1 0 0
27 111 0 0 1 0
44 51 0 0 0 1
56 37 0 0 0 1
45 16 0 0 0 1
17 20 0 0 0 1
68 22 0 1 0 0
54 31 0 0 0 1
43 55 0 0 0 1
92 102 1 0 0 0
100 98 1 0 0 0
43 105 0 0 1 0
12 88 0 0 1 0
110 118 1 0 0 0
23 53 0 0 0 1
22 116 0 0 1 0
26 24 0 0 0 1
69 75 1 0 0 0
55 69 0 0 1 0
60 110 0 0 1 0
37 40 0 0 0 1
44 103 0 0 1 0
66 43 0 1 0 0
88 68 1 0 0 0
42 27 0 0 0 1
18 103 0 0 1 0
55 90 0 0 1 0
22 95 0 0 1 0
84 21 0 1 0 0
42 87 0 0 1 0
32 88 0 0 1 0
35 32 0 0 0 1
14 11 0 0 0 1
66 57 0 1 0 0
27 101 0 0 1 0
66 28 0 1 0 0
42 105 0 0 1 0
7 79 0 0 1 0
51 76 0 0 1 0
84 88 1 0 0 0
11 3 0 0 0 1
74 107 1 0 0 0
52 112 0 0 1 0
25 47 0 0 0 1
97 63 1 0 0 0
45 117 0 0 1 0
6 83 0 0 1 0
70 86 1 0 0 0
41 12 0 0 0 1
55 25 0 0 0 1
25 54 0 0 0 1
38 76 0 0 1 0
111 112 1 0 0 0
25 15 0 0 0 1
17 91 0 0 1 0
113 89 1 0 0 0
117 106 1 0 0 0
102 105 1 0 0 0
60 12 0 0 0 1
106 58 0 1 0 0
39 33 0 0 0 1
28 53 0 0 0 1
9 37 0 0 0 1
8 9 0 0 0 1
8 16 0 0 0 1
51 28 0 0 0 1
44 18 0 0 0 1
23 28 0 0 0 1
36 38 0 0 0 1
53 18 0 0 0 1
22 55 0 0 0 1
60 41 0 0 0 1
34 34 0 0 0 1
8 54 0 0 0 1
18 4 0 0 0 1
52 24 0 0 0 1
39 36 0 0 0 1
55 14 0 0 0 1
10 27 0 0 0 1
56 6 0 0 0 1
11 50 0 0 0 1
32 25 0 0 0 1
24 33 0 0 0 1
33 21 0 0 0 1
52 59 0 0 0 1
40 23 0 0 0 1
32 35 0 0 0 1
33 21 0 0 0 1
15 57 0 0 0 1
5 41 0 0 0 1
58 5 0 0 0 1
46 9 0 0 0 1
19 39 0 0 0 1
13 34 0 0 0 1
10 10 0 0 0 1
19 46 0 0 0 1
51 45 0 0 0 1
51 42 0 0 0 1
37 24 0 0 0 1
6 9 0 0 0 1
12 2 0 0 0 1
56 38 0 0 0 1
59 6 0 0 0 1
38 59 0 0 0 1
56 22 0 0 0 1
55 28 0 0 0 1
14 30 0 0 0 1
32 19 0 0 0 1
40 7 0 0 0 1
21 3 0 0 0 1
56 53 0 0 0 1
30 29 0 0 0 1
59 33 0 0 0 1
43 34 0 0 0 1
46 4 0 0 0 1
51 43 0 0 0 1
56 50 0 0 0 1
8 26 0 0 0 1
38 45 0 0 0 1
8 11 0 0 0 1
22 34 0 0 0 1
17 30 0 0 0 1
45 1 0 0 0 1
60 40 0 0 0 1
24 54 0 0 0 1
34 42 0 0 0 1
3 42 0 0 0 1
44 50 0 0 0 1
30 47 0 0 0 1
2 26 0 0 0 1
28 51 0 0 0 1
27 22 0 0 0 1
10 21 0 0 0 1
20 20 0 0 0 1
15 14 0 0 0 1
13 45 0 0 0 1
45 18 0 0 0 1
28 29 0 0 0 1
25 6 0 0 0 1
12 9 0 0 0 1
36 4 0 0 0 1
9 60 0 0 0 1
16 35 0 0 0 1
5 35 0 0 0 1
40 42 0 0 0 1
13 9 0 0 0 1
25 20 0 0 0 1
59 44 0 0 0 1
45 31 0 0 0 1
3 22 0 0 0 1
31 36 0 0 0 1
12 51 0 0 0 1
15 33 0 0 0 1
23 43 0 0 0 1
15 29 0 0 0 1
48 9 0 0 0 1
42 10 0 0 0 1
35 38 0 0 0 1
6 57 0 0 0 1
41 57 0 0 0 1
4 40 0 0 0 1
34 40 0 0 0 1
1 21 0 0 0 1
33 29 0 0 0 1
5 2 0 0 0 1
47 20 0 0 0 1
6 46 0 0 0 1
41 30 0 0 0 1
45 31 0 0 0 1
42 5 0 0 0 1
17 31 0 0 0 1
27 29 0 0 0 1
4 49 0 0 0 1
30 32 0 0 0 1
50 3 0 0 0 1
55 35 0 0 0 1
25 60 0 0 0 1
26 17 0 0 0 1
29 2 0 0 0 1
26 21 0 0 0 1
54 18 0 0 0 1
11 34 0 0 0 1
15 52 0 0 0 1
17 15 0 0 0 1
53 22 0 0 0 1
15 58 0 0 0 1
23 12 0 0 0 1
7 29 0 0 0 1
30 44 0 0 0 1
37 53 0 0 0 1
49 21 0 0 0 1
22 14 0 0 0 1
54 60 0 0 0 1
31 8 0 0 0 1
44 54 0 0 0 1
55 1 0 0 0 1
44 54 0 0 0 1
30 9 0 0 0 1
35 42 0 0 0 1
33 34 0 0 0 1
1 21 0 0 0 1
51 22 0 0 0 1
39 40 0 0 0 1
57 26 0 0 0 1
60 2 0 0 0 1
8 47 0 0 0 1
40 36 0 0 0 1
59 17 0 0 0 1
39 17 0 0 0 1
44 60 0 0 0 1
8 19 0 0 0 1
44 39 0 0 0 1
13 41 0 0 0 1
52 9 0 0 0 1
31 37 0 0 0 1
6 59 0 0 0 1
17 16 0 0 0 1
53 33 0 0 0 1
2 49 0 0 0 1
55 51 0 0 0 1
15 37 0 0 0 1
56 2 0 0 0 1
40 13 0 0 0 1
27 40 0 0 0 1
33 28 0 0 0 1
48 42 0 0 0 1
1 30 0 0 0 1
27 27 0 0 0 1
2 57 0 0 0 1
13 51 0 0 0 1
56 47 0 0 0 1
14 21 0 0 0 1
4 26 0 0 0 1
55 6 0 0 0 1
29 60 0 0 0 1
16 16 0 0 0 1
15 54 0 0 0 1
30 48 0 0 0 1
22 45 0 0 0 1
28 49 0 0 0 1
28 30 0 0 0 1
25 12 0 0 0 1
26 25 0 0 0 1
33 34 0 0 0 1
1 43 0 0 0 1
44 9 0 0 0 1
25 40 0 0 0 1
6 26 0 0 0 1
51 54 0 0 0 1
21 11 0 0 0 1
56 19 0 0 0 1
60 24 0 0 0 1
47 1 0 0 0 1
31 10 0 0 0 1
37 19 0 0 0 1
34 42 0 0 0 1
20 11 0 0 0 1
21 22 0 0 0 1
43 14 0 0 0 1
12 54 0 0 0 1
7 3 0 0 0 1
2 34 0 0 0 1
19 27 0 0 0 1
20 31 0 0 0 1
34 52 0 0 0 1
20 58 0 0 0 1
2 12 0 0 0 1
24 19 0 0 0 1
24 57 0 0 0 1
15 45 0 0 0 1
54 43 0 0 0 1
30 20 0 0 0 1
44 34 0 0 0 1
10 25 0 0 0 1
37 32 0 0 0 1
60 26 0 0 0 1
38 18 0 0 0 1
37 31 0 0 0 1
16 57 0 0 0 1
17 29 0 0 0 1
45 49 0 0 0 1
58 40 0 0 0 1
31 60 0 0 0 1
20 38 0 0 0 1
59 29 0 0 0 1
30 8 0 0 0 1
38 10 0 0 0 1
24 51 0 0 0 1
9 45 0 0 0 1
28 44 0 0 0 1
13 30 0 0 0 1
46 4 0 0 0 1
46 52 0 0 0 1
14 58 0 0 0 1
59 59 0 0 0 1
40 13 0 0 0 1
15 17 0 0 0 1
20 25 0 0 0 1
24 21 0 0 0 1
47 57 0 0 0 1
8 10 0 0 0 1
38 11 0 0 0 1
15 22 0 0 0 1
52 27 0 0 0 1
44 29 0 0 0 1
26 14 0 0 0 1
51 55 0 0 0 1
37 45 0 0 0 1
11 3 0 0 0 1
10 55 0 0 0 1
53 16 0 0 0 1
10 5 0 0 0 1
39 47 0 0 0 1
43 24 0 0 0 1
17 3 0 0 0 1
4 5 0 0 0 1
60 13 0 0 0 1
3 23 0 0 0 1
60 16 0 0 0 1
34 19 0 0 0 1
16 55 0 0 0 1
42 21 0 0 0 1
27 39 0 0 0 1
3 38 0 0 0 1
35 31 0 0 0 1
32 31 0 0 0 1
7 34 0 0 0 1
2 21 0 0 0 1
3 40 0 0 0 1
8 35 0 0 0 1
15 12 0 0 0 1
27 26 0 0 0 1
43 58 0 0 0 1
54 14 0 0 0 1
7 1 0 0 0 1
59 18 0 0 0 1
4 1 0 0 0 1
4 49 0 0 0 1
55 37 0 0 0 1
45 57 0 0 0 1
18 22 0 0 0 1
1 16 0 0 0 1
17 31 0 0 0 1
57 42 0 0 0 1
55 11 0 0 0 1
40 29 0 0 0 1
37 31 0 0 0 1
51 47 0 0 0 1
20 44 0 0 0 1
45 16 0 0 0 1
39 5 0 0 0 1
41 28 0 0 0 1
29 21 0 0 0 1
38 30 0 0 0 1
28 31 0 0 0 1
42 60 0 0 0 1
55 44 0 0 0 1
25 6 0 0 0 1
48 31 0 0 0 1
34 3 0 0 0 1
47 27 0 0 0 1
6 41 0 0 0 1
